92
89
85
87
94
86
95
90
93
88
85
91
92
88
87
86
90
95
89
93
91
85
86
94
92
88
85
89
95
91
87
86
93
90
88
85
92
94
95
86
87
89
91
90
88
85
86
93
94
92
95
87
89
91
90
85
86
88
93
94
92
95
91
87
86
90
88
85
89
94
92
87
86
91
88
93
90
85
89
95
86
87
94
92
88
85
91
90
93
86
95
92
87
85
89
88
94
90
91
86
95
87
93
92
88
85
94
91
89
86
87
95
88
90
85
92
94
93
91
86
87
95
88
89
85
86
90
91
92
94
93
85
87
86
95
88
89
90
92
94
93
86
85
91
95
87
88
89
90
92
93
85
86
94
87
88
91
89
90
85
92
95
86
94
93
87
88
89
90
85
92
86
91
94
95
87
93
88
89
86
85
92
90
91
95
88
87
93
89
85
94
86
92
95
91
88
90
85
89
86
87
94
92
93
91
95
85
90
86
88
89
87
94
93
92
91
85
95
88
86
90
87
89
92
94
85
91
93
95
88
86
90
92
85
87
89
91
94
93
88
86
95
90
85
92
89
91
87
94
93
86
95
88
85
90
87
92
89
93
86
88
85
94
91
90
95
