92
89
85
87
94
86
95
90
93
88
85
91
99
100
83
85
97
80
92
88
87
96
98
82
86
90
95
84
89
93
91
85
81
83
86
100
94
92
88
85
89
95
97
91
87
99
98
93
90
88
81
85
92
96
94
95
86
87
89
91
80
90
85
86
83
88
93
94
82
92
95
97
91
87
96
90
84
81
85
86
88
93
94
92
95
87
91
96
89
86
90
82
85
89
81
94
92
87
97
84
96
91
88
93
80
85
86
91
88
95
89
92
98
90
85
97
82
84
81
100
96
88
89
94
93
86
90
99
85
87
96
98
83
100
92
85
81
89
91
84
97
94
82
87
88
93
95
86
90
89
85
92
94
91
96
80
99
82
83
85
97
81
88
87
100
95
89
98
84
86
92
91
80
93
85
86
97
90
94
88
100
87
85
92
89
96
93
98
86
82
90
84
85
99
91
87
94
88
95
80
81
89
100
86
97
92
83
93
85
90
96
88
82
85
84
89
86
98
87
97
85
91
94
99
93
100
85
88
89
90
92
87
86
85
81
82
83
91
95
84
86
89
88
94
97
100
92
96
93
90
85
81
87
89
85
80
91
98
84
92
85
97
86
94
99
100
87
96
90
93
88
89
85
92
86
82
85
87
89
81
100
94
96
85
80
97
92
91
88
99
98
86
85
84
87
85
93
90
86
82
94
89
95
87
83
96
85
92
80
81
100
84
88
85
86
89
91
99
97
90
85
94
93
88
92
95
86
96
97
89
85
87
100
81
90
88
94
86
85
83
82
89
91
85
98
97
93
86
80
92
95
94
99
88
85
87
100
96
91
82
89
85
90
93
86
92
97
87
94
81
95
99
85
88
96
85
89
84
100
83
90
91
92
85
97
86
80
94
88
82
89
85
87
96
95
99
92
86
85
100
94
90
87
89
91
85
93
82
96
92
81
99
85
98
88
83
97
100
85
84
94
86
89
87
91
85
90
86
82
93
80
96
85
88
100
99
92
97
89
86
85
94
87
90
85
81
91
98
83
85
92
93
86
84
80
99
85
96
88
100
89
82
97
94
85
87
92
91
89
86
96
90
85
95
99
93
80
100
82
88
97
86
89
91
94
92
85
84
89
85
87
86
96
100
97
88
93
89
85
92
91
86
80
95
87
89
85
98
88
99
85
96
90
86
97
93
89
94
92
100
85
89
81
84
88
85
87
86
99
96
91
93
80
92
85
94
100
89
88
86
98
97
95
90
