99
97
96
100
95
98
99
96
100
97
95
98
99
97
100
96
98
95
99
98
100
96
97
95
100
99
98
96
97
95
98
99
100
96
95
97
100
98
99
97
95
96
100
98
95
99
100
97
98
96
95
100
99
97
96
98
95
99
98
100
96
97
95
99
100
98
97
95
96
99
97
100
95
98
96
99
100
97
98
95
96
100
99
97
96
98
95
100
99
96
97
95
98
99
100
95
97
96
98
100
99
97
95
96
98
100
99
97
96
95
98
99
100
95
97
96
98
99
100
97
96
95
98
100
99
97
95
96
100
98
99
95
97
96
99
100
95
98
97
100
99
96
95
97
98
100
99
95
96
97
98
100
99
96
95
97
100
98
99
95
96
98
97
100
99
95
96
100
98
97
95
99
96
98
100
97
95
99
100
98
96
95
97
99
100
96
97
95
98
100
99
97
95
96
98
99
100
96
95
97
98
99
100
97
95
96
99
98
100
97
96
95
99
100
98
97
96
95
